0.00933849152846638	0.000878369400544488	9.99963985149131e-05	1.23094771579904e-05	1.66626825007358e-06	2.38490769799941e-07	3.60045308130858e-08	5.63952560732510e-09	9.13093237867899e-10	1.51565130804034e-10	2.57129115976156e-11	4.43753434709659e-12	7.77224507541267e-13	1.37763681097720e-13	2.46604332122724e-14	4.44418047308199e-15	8.17703795795575e-16	1.56852118441933e-16	2.34017184392567e-17	-1.59239028094995e-18	-8.89921394712094e-20	0.0833503815546782	0.00212211902764282	0.000159000825515825	1.05305976275126e-05	1.22395900296666e-06	1.24512087846182e-07	1.69607744971123e-08	2.14209224500050e-09	3.17310994003884e-10	4.53293305421437e-11	7.09747035257664e-12	1.09431709457375e-12	1.78280114264736e-13	2.89020667757186e-14	4.85476458266850e-15	8.25589970559450e-16	1.42566599227812e-16	2.37295847962550e-17	4.54723934624318e-18	1.59640438513061e-18	5.51752409744569e-19	0.00652880101040556	-0.000153825191123387	2.20594865650402e-05	-9.95627734184194e-07	1.75329629995878e-07	-8.63559990914057e-09	2.03631472399241e-09	-8.55286504823645e-11	3.00483536452322e-11	-7.84010172035647e-13	5.27674477301924e-13	-1.94017860692974e-15	1.06058060944510e-14	2.42867663980088e-16	2.36852403507339e-16	1.44105901108491e-17	4.37020854520363e-18	1.21367135640804e-18	-7.23855789946160e-20	1.65572472798721e-19	3.92440190323650e-21
0.000878369400544488	0.00235489414214286	0.000313467605615828	4.37748365656689e-05	6.24382082157544e-06	9.47648946319140e-07	1.49037991991536e-07	2.43689444825602e-08	4.09151355996558e-09	7.04374471332495e-10	1.23537604001787e-10	2.20299016330722e-11	3.97944255758933e-12	7.26914555023121e-13	1.33957522669451e-13	2.48678457795264e-14	4.64510537727234e-15	8.74836774360282e-16	1.65411336320776e-16	2.86171968255050e-17	2.88024913363032e-18	0.00633922374177003	0.0203413863662383	0.000745917552410535	6.85508122575502e-05	5.31939981109547e-06	6.90428392039173e-07	7.76564459667024e-08	1.14229479443057e-08	1.55176218481949e-09	2.43984529167238e-10	3.68993852442084e-11	6.06713384641085e-12	9.80261675000727e-13	1.66468880351293e-13	2.80733802883564e-14	4.88333401253686e-15	8.47394145783887e-16	1.49542493104877e-16	2.64126102593260e-17	5.08595657214484e-18	1.24927622671875e-18	0.000414549027665194	0.00157473236574660	-5.10939623994479e-05	9.27322699085961e-06	-4.70602322009589e-07	9.58188737206538e-08	-4.98246847672681e-09	1.32684686793454e-09	-5.60634369942224e-11	2.23834834325274e-11	-5.40733854347288e-13	4.38306469610784e-13	2.52928182917751e-17	9.66335590099279e-15	2.67996744599000e-16	2.34919349060271e-16	1.28621932129800e-17	6.32091545988680e-18	3.17548634113901e-19	3.21460617926158e-19	1.71180950674088e-20
9.99963985149131e-05	0.000313467605615828	0.000594806456471331	9.70225098556194e-05	1.56687282254412e-05	2.50724667495841e-06	4.18036123683268e-07	7.12295110771617e-08	1.24844988337300e-08	2.22922836078210e-09	4.05526547377898e-10	7.47720238252519e-11	1.39575235625336e-11	2.62978300577492e-12	4.99506558305832e-13	9.54644049503230e-14	1.83388283600737e-14	3.53655834145432e-15	6.84184408702855e-16	1.32272264560318e-16	2.43636655212895e-17	0.000690704560344864	0.00220132231921161	0.00496748358526650	0.000227262336988197	2.41571432378383e-05	2.12645922668591e-06	3.02042623371003e-07	3.70325691782750e-08	5.82273081070399e-09	8.44067784014426e-10	1.40003607173173e-10	2.23025912444677e-11	3.83509988850100e-12	6.47038419285992e-13	1.14198333724417e-13	1.99862934240333e-14	3.59492803042762e-15	6.44383533358859e-16	1.17422921567689e-16	2.13569116097713e-17	3.82998655774027e-18	4.66963225327121e-05	0.000142138733962752	0.000380042952389044	-1.46761220808985e-05	3.18515152820172e-06	-1.75582948006514e-07	4.05971293956159e-08	-2.18988095795465e-09	6.54224145196516e-10	-2.73976881300786e-11	1.24430693171602e-11	-2.69998973586309e-13	2.69259672222617e-13	1.13929300082757e-15	6.46861168949940e-15	2.14368226127679e-16	1.69212975350592e-16	1.05195721334529e-17	4.71331841694817e-18	4.35674602233714e-19	1.33998431987313e-19
1.23094771579904e-05	4.37748365656689e-05	9.70225098556194e-05	0.000150494581120821	2.83555930012611e-05	5.12735957640388e-06	9.01798216076959e-07	1.62861883384627e-07	2.97560045141028e-08	5.54665453542787e-09	1.04675811477665e-09	2.00202063083739e-10	3.86460638901121e-11	7.52510502461110e-12	1.47445898073290e-12	2.90470451537818e-13	5.74441816903043e-14	1.13953421025964e-14	2.26495031750178e-15	4.50093081854297e-16	8.60835839579821e-17	8.15109265691870e-05	0.000294943593047999	0.000662471293629900	0.00121392465225705	6.53419982460287e-05	7.77989784255423e-06	7.61134290783953e-07	1.16677571710206e-07	1.54326912430030e-08	2.57370828663452e-09	3.95625926823276e-10	6.88843219561606e-11	1.15099236735209e-11	2.06279234076158e-12	3.62323769065172e-13	6.62936575487611e-14	1.20132575703533e-14	2.23070311384686e-15	4.12289555626597e-16	7.72194426398083e-17	1.38926384296591e-17	5.35630525221546e-06	1.97256721751823e-05	4.22368249665547e-05	9.17750811641855e-05	-3.96786503919705e-06	9.99460524223189e-07	-5.84908486773502e-08	1.51831390405912e-08	-8.37574822285728e-10	2.79663933411146e-10	-1.14398835788413e-11	5.93107909562408e-12	-1.11067406233980e-13	1.40775752520186e-13	1.24277935587103e-15	3.66543067202603e-15	1.42314650705402e-16	1.02956481222578e-16	7.02838456335066e-18	3.07077497146839e-18	2.75755948753320e-19
1.66626825007358e-06	6.24382082157544e-06	1.56687282254412e-05	2.83555930012611e-05	3.81451951018031e-05	8.03681061924197e-06	1.59420692532364e-06	3.03859323124989e-07	5.88285083980626e-08	1.14345942248079e-08	2.25277388091912e-09	4.47068771028760e-10	8.95253185405284e-11	1.80293528944155e-11	3.65116666064832e-12	7.42070048144640e-13	1.51283185758962e-13	3.08974738964161e-14	6.31784713503245e-15	1.29020425627892e-15	2.53052112854220e-16	1.08145523581662e-05	4.03699792184229e-05	0.000102908212282665	0.000188102673513816	0.000296868542066417	1.82082592730937e-05	2.37974955811892e-06	2.55126396894968e-07	4.17826057678826e-08	5.91463101937379e-09	1.03985809001493e-09	1.68639898440011e-10	3.06971616224797e-11	5.36107400658844e-12	9.98448054827923e-13	1.82109693767569e-13	3.44666062899337e-14	6.45456578442311e-15	1.23517489965408e-15	2.34655694737699e-16	4.33635809437118e-17	7.10255894789639e-07	2.62504090394917e-06	6.80838582249800e-06	1.18419031015527e-05	2.21767421820761e-05	-1.03672425061506e-06	2.97761456923689e-07	-1.81891559860469e-08	5.26225135898875e-09	-2.93210501144716e-10	1.09258566632280e-10	-4.29980725443353e-12	2.56064004737434e-12	-3.90454785180550e-14	6.62464657792125e-14	9.17181975110520e-16	1.86072561597677e-15	8.34596539656675e-17	5.59080922034392e-17	4.17134831543721e-18	1.69708382163586e-18
2.38490769799941e-07	9.47648946319140e-07	2.50724667495841e-06	5.12735957640388e-06	8.03681061924197e-06	9.68650630928359e-06	2.23557688217527e-06	4.79637721205553e-07	9.80507961155147e-08	2.01901452523390e-08	4.14896366400013e-09	8.59578815002354e-10	1.78637644331657e-10	3.73227480555662e-11	7.81825462735289e-12	1.64243797330747e-12	3.45479601510106e-13	7.27424760441005e-14	1.53149338586124e-14	3.21706597129147e-15	6.47077087650443e-16	1.51116048056191e-06	6.01016231292866e-06	1.58184286272474e-05	3.28016040059299e-05	5.17542295016587e-05	7.26562468612607e-05	4.97654221114399e-06	7.04105748631296e-07	8.18650377228674e-08	1.42137589211397e-08	2.13983230772612e-09	3.94660037373168e-10	6.72413317948642e-11	1.27524303091154e-11	2.32080079761499e-12	4.48031252915732e-13	8.46642673302369e-14	1.65429638608386e-14	3.19564993294063e-15	6.28095064447942e-16	1.17535476238183e-16	9.79914049729995e-08	3.90882628301472e-07	1.01782748024901e-06	2.14678565596421e-06	3.21723131386856e-06	5.36250336866264e-06	-2.64822876369949e-07	8.57741443958113e-08	-5.39576244808798e-09	1.73198752479990e-09	-9.63649204110480e-11	4.00907029998924e-11	-1.49276121869889e-12	1.03063000338700e-12	-1.16152501341508e-14	2.89074057868532e-14	5.57110595154610e-16	8.72334487612453e-16	4.46327451026309e-17	2.79048795174716e-17	2.12408459160719e-18
3.60045308130858e-08	1.49037991991536e-07	4.18036123683268e-07	9.01798216076959e-07	1.59420692532364e-06	2.23557688217527e-06	2.46455849810083e-06	6.14238959184331e-07	1.41064563919690e-07	3.06844737266668e-08	6.67833601486214e-09	1.44357318228496e-09	3.13200191290923e-10	6.79229580176342e-11	1.47621495495002e-11	3.20825763402228e-12	6.97592965921094e-13	1.51564489364754e-13	3.28989342913949e-14	7.11452188224109e-15	1.46867496489961e-15	2.24044190359594e-07	9.23320233508596e-07	2.58922191082023e-06	5.54816357052561e-06	9.92662253731589e-06	1.39632807355489e-05	1.77966717790806e-05	1.34258245532949e-06	2.03565994620540e-07	2.54658678399863e-08	4.65926348476874e-09	7.42167606486084e-10	1.43017785208481e-10	2.55084831995249e-11	5.02574202454253e-12	9.50613367584256e-13	1.89810333549979e-13	3.70876935448037e-14	7.46797738833680e-15	1.48268746736817e-15	2.86258991430072e-16	1.44572475517575e-08	5.93123941102210e-08	1.66758064882362e-07	3.53263257249024e-07	6.42676170394728e-07	8.57120967606745e-07	1.29763231868065e-06	-6.65320469550974e-08	2.41345240630155e-08	-1.54555345136535e-09	5.49129250347383e-10	-3.01692365136775e-11	1.40440769501539e-11	-4.85246821084632e-13	3.93553093587263e-13	-2.67423028221019e-15	1.19122497683802e-14	2.99034393704018e-16	3.84791745684612e-16	2.21434723502762e-17	1.25005676545766e-17
5.63952560732510e-09	2.43689444825602e-08	7.12295110771617e-08	1.62861883384627e-07	3.03859323124989e-07	4.79637721205553e-07	6.14238959184331e-07	6.28338722648167e-07	1.67341024826586e-07	4.08120985218638e-08	9.38696923036027e-09	2.14851116719835e-09	4.86474720380536e-10	1.10142764592801e-10	2.48518024882380e-11	5.60406923100303e-12	1.26075441103216e-12	2.83176381232085e-13	6.34312783808931e-14	1.41398367926508e-14	2.99772455186967e-15	3.43932982061013e-08	1.48332622042783e-07	4.31211100013100e-07	9.84517462309003e-07	1.82175590950378e-06	2.90457782133587e-06	3.71780042687239e-06	4.36298858492682e-06	3.58899779092123e-07	5.78704310634694e-08	7.74069033917945e-09	1.48518048830005e-09	2.49248608484561e-10	5.00150758461566e-11	9.31012649787567e-12	1.90084727006620e-12	3.72838086567083e-13	7.68500793175665e-14	1.54971586858516e-14	3.20349977754277e-15	6.23650188913724e-16	2.19945354132965e-09	9.48656081001411e-09	2.74412883951336e-08	6.27916134280291e-08	1.14784373965975e-07	1.86023501001661e-07	2.25355462105841e-07	3.14245381466016e-07	-1.64948217982305e-08	6.67478544614289e-09	-4.30644920493858e-10	1.69248391069436e-10	-9.07760151031535e-12	4.74722649626651e-12	-1.48622719426547e-13	1.44241269472168e-13	-2.63410259569893e-16	4.69260099017875e-15	1.46953881370901e-16	1.61434006904068e-16	9.55422566701290e-18
9.13093237867899e-10	4.09151355996558e-09	1.24844988337300e-08	2.97560045141028e-08	5.88285083980626e-08	9.80507961155147e-08	1.41064563919690e-07	1.67341024826586e-07	1.60535537840836e-07	4.53189684786436e-08	1.16638213496518e-08	2.82226828584342e-09	6.76476554174481e-10	1.59880820858817e-10	3.76619582427481e-11	8.81838184897412e-12	2.05858809881659e-12	4.78454695826314e-13	1.10799741237020e-13	2.54831593681887e-14	5.55422441682270e-15	5.46842249787150e-09	2.44180729641107e-08	7.42957254226764e-08	1.75925323448982e-07	3.46866063056692e-07	5.72451753366084e-07	8.30126489574905e-07	9.80622713168263e-07	1.07061436037193e-06	9.53034946653990e-08	1.62442519258435e-08	2.31144183893475e-09	4.63228559681300e-10	8.16132074973377e-11	1.70046509705507e-11	3.29487199600906e-12	6.95609866690752e-13	1.41199147626830e-13	2.99890765838026e-14	6.21519744764363e-15	1.25541788225381e-15	3.47623777221298e-10	1.54818200343367e-09	4.70935228091999e-09	1.10909815315532e-08	2.19080453535878e-08	3.56927289074519e-08	5.25919923796968e-08	5.86977516833312e-08	7.61622842925088e-08	-4.04334719559883e-09	1.82204189386682e-09	-1.17273240036875e-10	5.10271032683368e-11	-2.63939492906291e-12	1.55993527299248e-12	-4.28984613965403e-14	5.11571068161542e-14	1.85880740679011e-16	1.78229592780347e-15	6.71120396379215e-17	6.20484378349754e-17
1.51565130804034e-10	7.04374471332495e-10	2.22922836078210e-09	5.54665453542787e-09	1.14345942248079e-08	2.01901452523390e-08	3.06844737266668e-08	4.08120985218638e-08	4.53189684786436e-08	4.11067422353997e-08	1.22217040830357e-08	3.30253521980576e-09	8.37121815256898e-10	2.09387873935665e-10	5.15000394750900e-11	1.25892431971202e-11	3.05202633986196e-12	7.36102053888514e-13	1.76407252350883e-13	4.19336484401930e-14	9.40256970407825e-15	8.90391785529729e-10	4.12947120247362e-09	1.30124244595125e-08	3.22535481738095e-08	6.59839037793649e-08	1.16036404954588e-07	1.74323873696989e-07	2.33185594795215e-07	2.56870842171972e-07	2.62973515346538e-07	2.51824837548603e-08	4.51544579036644e-09	6.80633277794003e-10	1.42003301226166e-10	2.61843344555721e-11	5.65097876627443e-12	1.13712815357507e-12	2.47766970817745e-13	5.19457667405238e-14	1.13180189808958e-14	2.28768132101616e-15	5.61691797726142e-11	2.60355253135118e-10	8.17983241691128e-10	2.02630548103119e-09	4.12109022663880e-09	7.25775606658004e-09	1.07560018988159e-08	1.46138117896631e-08	1.51838913511105e-08	1.84751230452496e-08	-9.80974167787203e-10	4.92343020709881e-10	-3.13055905427722e-11	1.51162270510149e-11	-7.43867146766842e-13	5.01000502343276e-13	-1.15868744456443e-14	1.76626501622760e-14	1.68911493981979e-16	6.55428759850702e-16	2.57846609572508e-17
2.57129115976156e-11	1.23537604001787e-10	4.05526547377898e-10	1.04675811477665e-09	2.25277388091912e-09	4.14896366400013e-09	6.67833601486214e-09	9.38696923036027e-09	1.16638213496518e-08	1.22217040830357e-08	1.05502615404728e-08	3.28635300361926e-09	9.28415633456609e-10	2.45649612769043e-10	6.39257244973103e-11	1.63196746327124e-11	4.13052418714829e-12	1.03472588052844e-12	2.57329174053183e-13	6.32828132095271e-14	1.46184694568992e-14	1.48267208204210e-10	7.10645953860518e-10	2.32617472090220e-09	5.97308219518328e-09	1.27929236301040e-08	2.33534116165498e-08	3.73855482301468e-08	5.18539392871060e-08	6.46480619010067e-08	6.69376573345730e-08	6.46620357256800e-08	6.62960824140440e-09	1.24562048482498e-09	1.98190702738966e-10	4.29264646128397e-11	8.26208050632046e-12	1.84299446617487e-12	3.84356323461113e-13	8.62688791013682e-14	1.85892167824267e-14	3.93244100924226e-15	9.29448685638247e-12	4.44760284639204e-11	1.45460206605206e-10	3.72276801551824e-10	7.96584670375663e-10	1.44498132178154e-09	2.31569072445510e-09	3.16616638652451e-09	4.00773582195209e-09	3.90750981497695e-09	4.48575579452244e-09	-2.35649020537492e-10	1.31975127230569e-10	-8.20669118164285e-12	4.41465329302628e-12	-2.03438123317452e-13	1.57907629474456e-13	-2.87180228482273e-15	5.96292074782363e-15	9.34392667434795e-17	2.22937771233936e-16
4.43753434709659e-12	2.20299016330722e-11	7.47720238252519e-11	2.00202063083739e-10	4.47068771028760e-10	8.59578815002354e-10	1.44357318228496e-09	2.14851116719835e-09	2.82226828584342e-09	3.30253521980576e-09	3.28635300361926e-09	2.71435999051432e-09	8.81964653571910e-10	2.59558450623025e-10	7.14679467243084e-11	1.92988425561228e-11	5.10217160200746e-12	1.33436449507313e-12	3.44703778401345e-13	8.79306050402837e-14	2.09395561928065e-14	2.50973777492439e-11	1.24419077615382e-10	4.20979826378290e-10	1.12306433813682e-09	2.49252199647028e-09	4.76416528847393e-09	7.92068566533091e-09	1.17069076082357e-08	1.51470362245983e-08	1.77404502676994e-08	1.73743915660380e-08	1.59175417525612e-08	1.74056165413726e-09	3.41552021902688e-10	5.71896110594742e-11	1.28285074010535e-11	2.57126277756730e-12	5.91724097754828e-13	1.27628614086627e-13	2.93550039276759e-14	6.12931194978464e-15	1.56219852233428e-12	7.74016335145110e-12	2.61393931606965e-11	6.96533140931942e-11	1.54025763254079e-10	2.94027622447727e-10	4.85531728076439e-10	7.18108161664568e-10	9.15255766204716e-10	1.08788961071366e-09	1.00164640935495e-09	1.09021386755836e-09	-5.60405518360772e-11	3.51507140084966e-11	-2.11450297285702e-12	1.27429687875172e-12	-5.39470414775528e-14	4.89970529096618e-14	-6.22234086445706e-16	1.97018769869572e-15	3.40375405416892e-17
7.77224507541267e-13	3.97944255758933e-12	1.39575235625336e-11	3.86460638901121e-11	8.95253185405284e-11	1.78637644331657e-10	3.13200191290923e-10	4.86474720380536e-10	6.76476554174481e-10	8.37121815256898e-10	9.28415633456609e-10	8.81964653571910e-10	7.00121592836507e-10	2.36416120710236e-10	7.22571996497498e-11	2.06492564898581e-11	5.77282467389800e-12	1.57729597185034e-12	4.25351822836885e-13	1.12655159032149e-13	2.77161023229089e-14	4.31177477987294e-12	2.20487033786565e-11	7.71729720048069e-11	2.12855121993266e-10	4.90871811665294e-10	9.72535955669088e-10	1.69319017497251e-09	2.60020063638111e-09	3.58511493595979e-09	4.36146711970067e-09	4.82889527228149e-09	4.49613998881879e-09	3.92306358245951e-09	4.56064724129899e-10	9.32098679204996e-11	1.63809013608769e-11	3.79765792823846e-12	7.91009157699640e-13	1.87430070319785e-13	4.15597042383288e-14	9.20697578233054e-15	2.66677868656271e-13	1.36234902524032e-12	4.76449341934531e-12	1.31124973027857e-11	3.01957398935059e-11	5.95871160333174e-11	1.03573941758204e-10	1.57910012950676e-10	2.17782792854104e-10	2.60804543490597e-10	2.92913196363949e-10	2.55997382088737e-10	2.65243635815574e-10	-1.31849704150221e-11	9.31416481407837e-12	-5.35480025184007e-13	3.64284837015247e-13	-1.38277521002756e-14	1.50016781406661e-14	-1.05196436074165e-16	6.04243930111435e-16
1.37763681097720e-13	7.26914555023121e-13	2.62978300577492e-12	7.52510502461110e-12	1.80293528944155e-11	3.73227480555662e-11	6.79229580176342e-11	1.10142764592801e-10	1.59880820858817e-10	2.09387873935665e-10	2.45649612769043e-10	2.59558450623025e-10	2.36416120710236e-10	1.81063562070337e-10	6.33379708593014e-11	2.00505734808716e-11	5.93308558180612e-12	1.71369082295705e-12	4.82839911254134e-13	1.33397780751156e-13	3.39232056994926e-14	7.49247468739044e-13	3.95133956393393e-12	1.42679553555723e-11	4.07142718486435e-11	9.70950130735137e-11	1.99915745976455e-10	3.60880970865614e-10	5.80425216561161e-10	8.31886523739323e-10	1.07848025552152e-09	1.24137379995291e-09	1.30586724690513e-09	1.16085905351099e-09	9.68130106777473e-10	1.19332920398969e-10	2.53419339543420e-11	4.66361709151873e-12	1.11537933720203e-12	2.40873351703332e-13	5.83908358009128e-14	1.24458645335625e-14	4.60288532795977e-14	2.42650545696210e-13	8.75124580243547e-13	2.49454738856986e-12	5.93431745899300e-12	1.21974772523988e-11	2.19234205299330e-11	3.51915664564034e-11	5.00518116283329e-11	6.48794580526647e-11	7.34611762133755e-11	7.83528947869089e-11	6.52805019855380e-11	6.46052236819788e-11	-3.06513935021305e-12	2.45789622704736e-12	-1.33163589311267e-13	1.03301520328422e-13	-3.40732501555546e-15	4.52618350602499e-15	-2.59403835720407e-17
2.46604332122724e-14	1.33957522669451e-13	4.99506558305832e-13	1.47445898073290e-12	3.65116666064832e-12	7.81825462735289e-12	1.47621495495002e-11	2.48518024882380e-11	3.76619582427481e-11	5.15000394750900e-11	6.39257244973103e-11	7.14679467243084e-11	7.22571996497498e-11	6.33379708593014e-11	4.69560873287887e-11	1.69683603556175e-11	5.55056594484876e-12	1.69706309491481e-12	5.05250045583933e-13	1.45731727425567e-13	3.84559310018694e-14	1.31433982916743e-13	7.13926987324582e-13	2.65927470182604e-12	7.82989153881759e-12	1.93210524521120e-11	4.11469940496232e-11	7.72024104495650e-11	1.28782709280441e-10	1.93336437541002e-10	2.60665651305521e-10	3.19741375549291e-10	3.49989041495539e-10	3.51284038608661e-10	2.99216048525981e-10	2.39243700572682e-10	3.11966180202148e-11	6.86986064199570e-12	1.32104883497725e-12	3.25249870725414e-13	7.22640650959792e-14	1.66995096849084e-14	8.02226053853874e-15	4.35565272815333e-14	1.62147726808044e-13	4.76729428527902e-13	1.17482877823588e-12	2.49511067329858e-12	4.67201420590038e-12	7.75719466390239e-12	1.16187002682125e-11	1.55380769521052e-11	1.90489012467913e-11	2.04968756377666e-11	2.08484040618544e-11	1.66194497029510e-11	1.57548743278763e-11	-7.02648012189778e-13	6.46481558990953e-13	-3.24574300171597e-14	2.90872443920022e-14	-8.10571551001130e-16	1.26601492966173e-15
4.44418047308199e-15	2.48678457795264e-14	9.54644049503230e-14	2.90470451537818e-13	7.42070048144640e-13	1.64243797330747e-12	3.20825763402228e-12	5.60406923100303e-12	8.81838184897412e-12	1.25892431971202e-11	1.63196746327124e-11	1.92988425561228e-11	2.06492564898581e-11	2.00505734808716e-11	1.69683603556175e-11	1.22126184781253e-11	4.54772890175313e-12	1.53385503057408e-12	4.83328390202834e-13	1.47088224496701e-13	4.02789919724115e-14	2.31761781630475e-14	1.29902887076157e-13	4.98376170389904e-13	1.51387471681864e-12	3.85516107754128e-12	8.49637070575454e-12	1.64920504507169e-11	2.85983310365081e-11	4.45419240109340e-11	6.29121530112481e-11	8.02919888633026e-11	9.36604943717661e-11	9.79048571028499e-11	9.40929310936070e-11	7.70314377024605e-11	5.92090407532409e-11	8.15169956392571e-12	1.85801527115092e-12	3.72353146331711e-13	9.35914463302683e-14	1.97801709446410e-14	1.40426996455628e-15	7.87632468629810e-15	3.01973324688509e-14	9.16543929985277e-14	2.33008599310135e-13	5.12720778595830e-13	9.92223180815760e-13	1.71659942225947e-12	2.66025916707954e-12	3.74743142521943e-12	4.74185431170097e-12	5.52592514939788e-12	5.67441051882207e-12	5.52360955458502e-12	4.22619248288603e-12	3.84702670590799e-12	-1.58342955293358e-13	1.69592665284522e-13	-7.74041232100793e-15	8.10402710237579e-15	-2.22750692928701e-16
8.17703795795575e-16	4.64510537727234e-15	1.83388283600737e-14	5.74441816903043e-14	1.51283185758962e-13	3.45479601510106e-13	6.97592965921094e-13	1.26075441103216e-12	2.05858809881659e-12	3.05202633986196e-12	4.13052418714829e-12	5.10217160200746e-12	5.77282467389800e-12	5.93308558180612e-12	5.55056594484876e-12	4.54772890175313e-12	3.18584016346964e-12	1.21963596671573e-12	4.22932932415732e-13	1.36000079998578e-13	3.89932603920835e-14	4.21320912268389e-15	2.37672396758188e-14	9.38535282588934e-14	2.93626472636367e-13	7.71511657525780e-13	1.75501440354983e-12	3.52585630489000e-12	6.32660024270260e-12	1.02447594306628e-11	1.50164479575186e-11	2.00797006276339e-11	2.43817341999657e-11	2.71607839410319e-11	2.72096657771796e-11	2.51156885771327e-11	1.98155306005266e-11	1.46762708891769e-11	2.12948060113723e-12	5.01095224549069e-13	1.03522475508478e-13	2.44603087649813e-14	2.55265776714590e-16	1.43158801522110e-15	5.65289421230203e-15	1.76693207062810e-14	4.63795696166884e-14	1.05299959819885e-13	2.11164338049695e-13	3.77653186811448e-13	6.09943461957880e-13	8.89272719493518e-13	1.18553770449766e-12	1.42661856488465e-12	1.58697323989026e-12	1.56073332595474e-12	1.45832954760187e-12	1.07389239506978e-12	9.40664837992857e-13	-3.49254996696866e-14	4.43686866872911e-14	-1.82996725931676e-15	2.07674018587129e-15
1.56852118441933e-16	8.74836774360282e-16	3.53655834145432e-15	1.13953421025964e-14	3.08974738964161e-14	7.27424760441005e-14	1.51564489364754e-13	2.83176381232085e-13	4.78454695826314e-13	7.36102053888514e-13	1.03472588052844e-12	1.33436449507313e-12	1.57729597185034e-12	1.71369082295705e-12	1.69706309491481e-12	1.53385503057408e-12	1.21963596671573e-12	8.33355750929161e-13	3.26830926218000e-13	1.15128089067531e-13	3.45461925241715e-14	8.18305877092517e-16	4.39095716652912e-15	1.77293382590995e-14	5.71075874141467e-14	1.54564311532037e-13	3.62822743580075e-13	7.52480762054356e-13	1.39766383170776e-12	2.34241880254846e-12	3.57022900479733e-12	4.95578460459807e-12	6.30560758096642e-12	7.31518741524369e-12	7.80964157249254e-12	7.52071043569634e-12	6.68477647780410e-12	5.09453332355550e-12	3.64318656892341e-12	5.55297769860954e-13	1.33285663421362e-13	2.57700049175853e-14	5.03514267486474e-17	2.63063339567105e-16	1.06112989701771e-15	3.41682458486576e-15	9.23749736202501e-15	2.16572866851281e-14	4.48193900844598e-14	8.30753090044796e-14	1.38733187908747e-13	2.10837572379061e-13	2.91003331724590e-13	3.69018265801248e-13	4.24073402751857e-13	4.51896272774473e-13	4.26933017711575e-13	3.83915809745504e-13	2.72746765043105e-13	2.30308897535044e-13	-7.53382279092203e-15	1.14928670607685e-14	-5.01228513563295e-16
2.34017184392567e-17	1.65411336320776e-16	6.84184408702855e-16	2.26495031750178e-15	6.31784713503245e-15	1.53149338586124e-14	3.28989342913949e-14	6.34312783808931e-14	1.10799741237020e-13	1.76407252350883e-13	2.57329174053183e-13	3.44703778401345e-13	4.25351822836885e-13	4.82839911254134e-13	5.05250045583933e-13	4.83328390202834e-13	4.22932932415732e-13	3.26830926218000e-13	2.17772929545247e-13	8.60950100898824e-14	2.78677229904409e-14	9.83378470091783e-17	8.18260907184687e-16	3.35889082140622e-15	1.11209494464310e-14	3.09907440628189e-14	7.49440712501904e-14	1.60410071762776e-13	3.07622654532834e-13	5.33742115601297e-13	8.42117230974138e-13	1.21563550969025e-12	1.60602191939352e-12	1.95248061274995e-12	2.17158349139575e-12	2.22830713894519e-12	2.06783762705525e-12	1.77353119122199e-12	1.30765811508741e-12	9.03681456033989e-13	1.42112465975791e-13	3.13962336447222e-14	5.14283569757115e-18	4.90713362002180e-17	1.99796014115899e-16	6.61404758419007e-16	1.84193194821975e-15	4.44844663368375e-15	9.50763022607420e-15	1.81893850183592e-14	3.14861984713928e-14	4.94866588198801e-14	7.12075397883046e-14	9.35108524335345e-14	1.13260086796124e-13	1.24730366071210e-13	1.27693374078980e-13	1.16177501951757e-13	1.00745992627766e-13	6.91626057492911e-14	5.63470447948790e-14	-1.67880643655086e-15	2.66961165766868e-15
-1.59239028094995e-18	2.86171968255050e-17	1.32272264560318e-16	4.50093081854297e-16	1.29020425627892e-15	3.21706597129147e-15	7.11452188224109e-15	1.41398367926508e-14	2.54831593681887e-14	4.19336484401930e-14	6.32828132095271e-14	8.79306050402837e-14	1.12655159032149e-13	1.33397780751156e-13	1.45731727425567e-13	1.47088224496701e-13	1.36000079998578e-13	1.15128089067531e-13	8.60950100898824e-14	5.50491735719427e-14	1.94887686552168e-14	-3.37651757968426e-17	1.31489986651221e-16	6.37149077792507e-16	2.16446519734952e-15	6.20230806981033e-15	1.54412910219859e-14	3.40458868167319e-14	6.73741071690998e-14	1.20679624640720e-13	1.97080434902364e-13	2.94446033389985e-13	4.04418273150128e-13	5.10364778467266e-13	5.94516750584821e-13	6.35276549228678e-13	6.27463301772235e-13	5.61465363064295e-13	4.64533849139733e-13	3.30522826268494e-13	2.19339248792705e-13	3.09881119649735e-14	-3.04010647154442e-18	7.65539613509862e-18	3.77826931665974e-17	1.27970396838485e-16	3.66526039997377e-16	9.11715883805719e-16	2.00716992459218e-15	3.96541351770859e-15	7.08415224527402e-15	1.15392695676411e-14	1.71691426275279e-14	2.34991935070437e-14	2.94676117547650e-14	3.41864232869822e-14	3.61546607208834e-14	3.56121387295488e-14	3.12206911292568e-14	2.61033839473800e-14	1.72659877755314e-14	1.35117950830882e-14	-5.74796900378622e-16
-8.89921394712094e-20	2.88024913363032e-18	2.43636655212895e-17	8.60835839579821e-17	2.53052112854220e-16	6.47077087650443e-16	1.46867496489961e-15	2.99772455186967e-15	5.55422441682270e-15	9.40256970407825e-15	1.46184694568992e-14	2.09395561928065e-14	2.77161023229089e-14	3.39232056994926e-14	3.84559310018694e-14	4.02789919724115e-14	3.89932603920835e-14	3.45461925241715e-14	2.78677229904409e-14	1.94887686552168e-14	1.06295220835980e-14	-2.80969600918707e-18	2.55701152923140e-18	1.15534953901121e-16	4.05949550305619e-16	1.19351646104732e-15	3.04928244157676e-15	6.90653683919141e-15	1.40461420818223e-14	2.58950980901172e-14	4.35342899202257e-14	6.71114811547328e-14	9.50726710765436e-14	1.24244523229761e-13	1.49585283698931e-13	1.66554495659361e-13	1.70326639663512e-13	1.61041947700473e-13	1.37831169571712e-13	1.08659778428970e-13	7.29837606842564e-14	4.41576428803523e-14	-2.04945898661398e-19	-2.98159385898643e-19	6.90687806386986e-18	2.38652098435987e-17	7.01680089445075e-17	1.79125618390796e-16	4.05291400054842e-16	8.22852033759236e-16	1.51413794065618e-15	2.53825240795519e-15	3.90184561967155e-15	5.50312786667891e-15	7.16430824132550e-15	8.56766260492903e-15	9.49689701659780e-15	9.60711053232387e-15	9.05329107521345e-15	7.58714467648799e-15	6.03264906354432e-15	3.78810572089642e-15	2.61162023370871e-15
0.0833503815546782	0.00633922374177003	0.000690704560344864	8.15109265691870e-05	1.08145523581662e-05	1.51116048056191e-06	2.24044190359594e-07	3.43932982061013e-08	5.46842249787150e-09	8.90391785529729e-10	1.48267208204210e-10	2.50973777492439e-11	4.31177477987294e-12	7.49247468739044e-13	1.31433982916743e-13	2.31761781630475e-14	4.21320912268389e-15	8.18305877092517e-16	9.83378470091783e-17	-3.37651757968426e-17	-2.80969600918707e-18	0.744931966489536	0.00564001896092723	0.000927634456717739	4.85720926161555e-05	7.40797619570358e-06	6.54968962472424e-07	1.00132987362614e-07	1.15753224397583e-08	1.80733914210112e-09	2.43273782399271e-10	3.89315310826713e-11	5.74732813340005e-12	9.40898859083923e-13	1.47360949282794e-13	2.46498559144151e-14	4.11447925485914e-15	7.06787123452923e-16	1.11725890449959e-16	2.28988773618747e-17	1.08889359075533e-17	4.11547042425890e-18	0.0584043606434048	-0.00242235987678309	0.000231308765207966	-1.50757884362616e-05	1.88098119058319e-06	-1.40913549143494e-07	2.15223539090853e-08	-1.64615145707424e-09	3.05906653772715e-10	-2.18789316428670e-11	5.07479929647825e-12	-3.08725181593105e-13	9.46908090983564e-14	-4.26273539739002e-15	1.93464874131797e-15	-2.78527849151620e-17	3.02608084369637e-17	6.65479506439277e-18	-8.77382861444650e-19	1.27297395517773e-18	2.34062272627717e-20
0.00212211902764282	0.0203413863662383	0.00220132231921161	0.000294943593047999	4.03699792184229e-05	6.01016231292866e-06	9.23320233508596e-07	1.48332622042783e-07	2.44180729641107e-08	4.12947120247362e-09	7.10645953860518e-10	1.24419077615382e-10	2.20487033786565e-11	3.95133956393393e-12	7.13926987324582e-13	1.29902887076157e-13	2.37672396758188e-14	4.39095716652912e-15	8.18260907184687e-16	1.31489986651221e-16	2.55701152923140e-18	0.00564001896092723	0.179504582364762	0.00196837486631560	0.000393772292385863	2.41094959191635e-05	4.09984352286389e-06	4.00586122323165e-07	6.61037465899182e-08	8.22085469813027e-09	1.36202464043800e-09	1.94156921324678e-10	3.26206480124709e-11	5.04794220161203e-12	8.61257303009802e-13	1.40323606212707e-13	2.42760580112202e-14	4.08784215219829e-15	7.11684882840522e-16	1.21848308351935e-16	2.41897864530235e-17	7.20277435717207e-18	-0.000288408876839400	0.0141162876732104	-0.000827676088815969	9.73772791415474e-05	-7.31414295423792e-06	1.02748926938683e-06	-8.39664380297922e-08	1.39786526927542e-08	-1.13431052054592e-09	2.26382081820457e-10	-1.68477036845876e-11	4.17235875475718e-12	-2.59421804115545e-13	8.50832860440154e-14	-3.84058629316021e-15	1.88548237100293e-15	-4.74632237247736e-17	4.56894587923500e-17	-1.59316660490849e-18	2.36229269947388e-18	2.31121730879084e-20
0.000159000825515825	0.000745917552410535	0.00496748358526650	0.000662471293629900	0.000102908212282665	1.58184286272474e-05	2.58922191082023e-06	4.31211100013100e-07	7.42957254226764e-08	1.30124244595125e-08	2.32617472090220e-09	4.20979826378290e-10	7.71729720048069e-11	1.42679553555723e-11	2.65927470182604e-12	4.98376170389904e-13	9.38535282588934e-14	1.77293382590995e-14	3.35889082140622e-15	6.37149077792507e-16	1.15534953901121e-16	0.000927634456717739	0.00196837486631560	0.0432624016701414	0.000595292329861642	0.000136548186061264	9.46707997570500e-06	1.75868792172768e-06	1.87256496459479e-07	3.30116940323190e-08	4.38212778375748e-09	7.65639681259620e-10	1.15007248551122e-10	2.02024160286490e-11	3.26568116801052e-12	5.78937054376431e-13	9.79164890577719e-14	1.75133351310668e-14	3.04748155649744e-15	5.48418783193662e-16	9.67414431473095e-17	1.69783753419696e-17	7.77647456234124e-05	-9.92950150336989e-05	0.00341254594661770	-0.000244930967062810	3.34795254142133e-05	-2.80549934722853e-06	4.34880051057298e-07	-3.82134751623433e-08	6.86548520448955e-09	-5.86143268692382e-10	1.24921818598999e-10	-9.61792705740065e-12	2.53476712661487e-12	-1.60284139979036e-13	5.61163044667220e-14	-2.51462152041155e-15	1.33475473081308e-15	-3.04875304779216e-17	3.36147640513312e-17	5.45918062232185e-20	8.58867132190785e-19
1.05305976275126e-05	6.85508122575502e-05	0.000227262336988197	0.00121392465225705	0.000188102673513816	3.28016040059299e-05	5.54816357052561e-06	9.84517462309003e-07	1.75925323448982e-07	3.22535481738095e-08	5.97308219518328e-09	1.12306433813682e-09	2.12855121993266e-10	4.07142718486435e-11	7.82989153881759e-12	1.51387471681864e-12	2.93626472636367e-13	5.71075874141467e-14	1.11209494464310e-14	2.16446519734952e-15	4.05949550305619e-16	4.85720926161555e-05	0.000393772292385863	0.000595292329861642	0.0104286028262382	0.000169844680014896	4.32477976231586e-05	3.32725845738613e-06	6.65774633305223e-07	7.64621696028408e-08	1.42877279935824e-08	2.01196256631072e-09	3.68855150741768e-10	5.81419864677765e-11	1.06414154996815e-11	1.79151959994586e-12	3.29170126527621e-13	5.76587920645829e-14	1.06435859982756e-14	1.90973692387013e-15	3.53309714611924e-16	6.19390722416865e-17	2.08390487955753e-06	3.28886926505071e-05	-2.95945740714692e-05	0.000825130044500494	-6.83409037231320e-05	1.05103138673138e-05	-9.62549409941030e-07	1.62374421552614e-07	-1.51800244348601e-08	2.92120970482514e-09	-2.60643911952135e-10	5.90570053913450e-11	-4.68052841693379e-12	1.30933462896723e-12	-8.38291520385603e-14	3.12991562871173e-14	-1.38533543688195e-15	7.96594378769293e-16	-1.68299205206243e-17	2.13494327131004e-17	4.88622997990797e-20
1.22395900296666e-06	5.31939981109547e-06	2.41571432378383e-05	6.53419982460287e-05	0.000296868542066417	5.17542295016587e-05	9.92662253731589e-06	1.82175590950378e-06	3.46866063056692e-07	6.59839037793649e-08	1.27929236301040e-08	2.49252199647028e-09	4.90871811665294e-10	9.70950130735137e-11	1.93210524521120e-11	3.85516107754128e-12	7.71511657525780e-13	1.54564311532037e-13	3.09907440628189e-14	6.20230806981033e-15	1.19351646104732e-15	7.40797619570358e-06	2.41094959191635e-05	0.000136548186061264	0.000169844680014896	0.00251435531760552	4.69511457819454e-05	1.30017444024784e-05	1.09463731326430e-06	2.33503377314602e-07	2.87007443381714e-08	5.64940371257474e-09	8.39704834612700e-10	1.60866161796290e-10	2.65167979325023e-11	5.04173975959158e-12	8.81754082545529e-13	1.67544813563763e-13	3.03377322348092e-14	5.77044022389640e-15	1.06459047350156e-15	1.94687483347092e-16	5.26963731879720e-07	1.02174649237709e-06	1.13618339356459e-05	-8.31274379942627e-06	0.000199551724509752	-1.84642755257119e-05	3.13099617703838e-06	-3.08928929850843e-07	5.61468331193418e-08	-5.53891722542959e-09	1.13507474882362e-09	-1.05255937005487e-10	2.52652073361704e-11	-2.05220647537774e-12	6.08157411375851e-13	-3.92563355603587e-14	1.56238195812800e-14	-6.78835636160075e-16	4.23999305054387e-16	-8.13426555603449e-18	1.16267767077864e-17
1.24512087846182e-07	6.90428392039173e-07	2.12645922668591e-06	7.77989784255423e-06	1.82082592730937e-05	7.26562468612607e-05	1.39632807355489e-05	2.90457782133587e-06	5.72451753366084e-07	1.16036404954588e-07	2.33534116165498e-08	4.76416528847393e-09	9.72535955669088e-10	1.99915745976455e-10	4.11469940496232e-11	8.49637070575454e-12	1.75501440354983e-12	3.62822743580075e-13	7.49440712501904e-14	1.54412910219859e-14	3.04928244157676e-15	6.54968962472424e-07	4.09984352286389e-06	9.46707997570500e-06	4.32477976231586e-05	4.69511457819454e-05	0.000606341334162234	1.27255103062916e-05	3.77839232500492e-06	3.44600884993093e-07	7.77487696550450e-08	1.01649563525899e-08	2.09715432531349e-09	3.27664531203808e-10	6.53678155416172e-11	1.12345516608659e-11	2.21340373086182e-12	4.01238327400268e-13	7.86903114194261e-14	1.47022523916251e-14	2.87212915457493e-15	5.23054200201715e-16	3.61635321089121e-08	2.90077410304699e-07	3.96408078107658e-07	3.58467699051276e-06	-2.25981680595111e-06	4.82704428209862e-05	-4.88817830420492e-06	9.01324300489563e-07	-9.48092976968905e-08	1.84243481558929e-08	-1.90539375753803e-09	4.13899280269076e-10	-3.97009796315511e-11	1.00670338997064e-11	-8.34757875318181e-13	2.61665912237896e-13	-1.69603154310617e-14	7.19499139431333e-15	-3.05104387227071e-16	2.07309310007513e-16	-3.77481130546856e-18
1.69607744971123e-08	7.76564459667024e-08	3.02042623371003e-07	7.61134290783953e-07	2.37974955811892e-06	4.97654221114399e-06	1.77966717790806e-05	3.71780042687239e-06	8.30126489574905e-07	1.74323873696989e-07	3.73855482301468e-08	7.92068566533091e-09	1.69319017497251e-09	3.60880970865614e-10	7.72024104495650e-11	1.64920504507169e-11	3.52585630489000e-12	7.52480762054356e-13	1.60410071762776e-13	3.40458868167319e-14	6.90653683919141e-15	1.00132987362614e-07	4.00586122323165e-07	1.75868792172768e-06	3.32725845738613e-06	1.30017444024784e-05	1.27255103062916e-05	0.000146252433836636	3.40329106386712e-06	1.07220808605117e-06	1.05119335930949e-07	2.49291938098246e-08	3.44967727910354e-09	7.42885329774421e-10	1.21588297275378e-10	2.51849864820457e-11	4.50152138598250e-12	9.16956833801370e-13	1.71953987711047e-13	3.47441385330292e-14	6.67524403563563e-15	1.28348690375903e-15	6.69970237510016e-09	2.19104140425149e-08	1.23757948661555e-07	1.37688640074180e-07	1.07342196181725e-06	-6.01635691032429e-07	1.16789433884651e-05	-1.27605866480546e-06	2.53281020887337e-07	-2.81735471415575e-08	5.81956433586830e-09	-6.27519832196326e-10	1.43960185783806e-10	-1.42249009827277e-11	3.80181791053739e-12	-3.20655170245819e-13	1.06206434469547e-13	-6.88502689110565e-15	3.11431585310638e-15	-1.28228248570809e-16	9.16244566565949e-17
2.14209224500050e-09	1.14229479443057e-08	3.70325691782750e-08	1.16677571710206e-07	2.55126396894968e-07	7.04105748631296e-07	1.34258245532949e-06	4.36298858492682e-06	9.80622713168263e-07	2.33185594795215e-07	5.18539392871060e-08	1.17069076082357e-08	2.60020063638111e-09	5.80425216561161e-10	1.28782709280441e-10	2.85983310365081e-11	6.32660024270260e-12	1.39766383170776e-12	3.07622654532834e-13	6.73741071690998e-14	1.40461420818223e-14	1.15753224397583e-08	6.61037465899182e-08	1.87256496459479e-07	6.65774633305223e-07	1.09463731326430e-06	3.77839232500492e-06	3.40329106386712e-06	3.52850140184406e-05	9.01511821962933e-07	2.98970177300924e-07	3.13186011768164e-08	7.76758354281905e-09	1.13302804609719e-09	2.53801634523071e-10	4.33865589667085e-11	9.30716544752824e-12	1.72621163873264e-12	3.62846091831414e-13	7.02597136785155e-14	1.45733442623073e-14	2.75197269836874e-15	6.77455363209961e-10	4.39492014709312e-09	1.01470107666768e-08	4.65928670661385e-08	4.47803068098989e-08	3.10680931915109e-07	-1.57853917731299e-07	2.82635242897970e-06	-3.29716806401366e-07	6.99116300323670e-08	-8.17045833735198e-09	1.78550421476315e-09	-1.99830043275565e-10	4.82701690914100e-11	-4.89558047385200e-12	1.37659912735081e-12	-1.17698716682698e-13	4.11626986295811e-14	-2.65847617305030e-15	1.28140385815412e-15	-5.16124789894434e-17
3.17310994003884e-10	1.55176218481949e-09	5.82273081070399e-09	1.54326912430030e-08	4.17826057678826e-08	8.18650377228674e-08	2.03565994620540e-07	3.58899779092123e-07	1.07061436037193e-06	2.56870842171972e-07	6.46480619010067e-08	1.51470362245983e-08	3.58511493595979e-09	8.31886523739323e-10	1.93336437541002e-10	4.45419240109340e-11	1.02447594306628e-11	2.34241880254846e-12	5.33742115601297e-13	1.20679624640720e-13	2.58950980901172e-14	1.80733914210112e-09	8.22085469813027e-09	3.30116940323190e-08	7.64621696028408e-08	2.33503377314602e-07	3.44600884993093e-07	1.07220808605117e-06	9.01511821962933e-07	8.51500931577006e-06	2.37118016186387e-07	8.22520716857801e-08	9.16189258825572e-09	2.36655508593916e-09	3.62635655091704e-10	8.42463988248659e-11	1.50037581684862e-11	3.32594244701374e-12	6.38847759634998e-13	1.38313622415983e-13	2.75462459926413e-14	5.59505563618406e-15	1.16659698433108e-10	4.77261827165139e-10	2.18081826758277e-09	4.10523444148502e-09	1.62502957669529e-08	1.39400774388724e-08	8.77965697845549e-08	-4.09692955129965e-08	6.84153998611606e-07	-8.45306044162548e-08	1.90329595674912e-08	-2.32464389537456e-09	5.35408026761245e-10	-6.19498926099890e-11	1.57181099085717e-11	-1.63085683109618e-12	4.81803060909284e-13	-4.16248496163599e-14	1.53644129822858e-14	-9.85348633370736e-16	4.87064064338024e-16
